
##### mobsup alpha=0.05  (mean over 5 seeds x ctype{rand,top} x contaminated scenarios hom.05/.10/.20/het)
-- k=5  policy: tpr  wtpr  | fpr  wfpr  fdev  | succ  | recTPR recWTPR
   LOCAL         0.329 0.190 | 0.006 0.023 0.044 | 0.09 | 0.00 0.00
   GLOBAL        0.318 0.054 | 0.003 0.010 0.047 | 0.09 | -0.02 -0.27
   CLEAN-K       0.890 0.646 | 0.198 0.457 0.158 | 0.29 | 1.11 0.91
   PEER-TRIM     0.481 0.230 | 0.029 0.105 0.044 | 0.24 | 0.30 0.08
   LAB-LOCAL     0.634 0.253 | 0.095 0.305 0.091 | 0.20 | 0.60 0.12
   LAB-POOL      0.781 0.610 | 0.076 0.140 0.052 | 0.50 | 0.89 0.83
   LAB-EB        0.776 0.596 | 0.078 0.155 0.055 | 0.49 | 0.89 0.81
   PEER+LAB      0.556 0.280 | 0.032 0.105 0.042 | 0.33 | 0.45 0.18
   LAB-EB-ALLOC  0.785 0.600 | 0.091 0.193 0.067 | 0.43 | 0.90 0.81
   LAB-EB-V      0.780 0.601 | 0.080 0.158 0.056 | 0.49 | 0.89 0.82
   LAB-EB-TAU    0.755 0.571 | 0.071 0.145 0.052 | 0.49 | 0.84 0.76
   LAB-EB-VTAU   0.759 0.577 | 0.073 0.148 0.053 | 0.49 | 0.85 0.77
   ORACLE-TRUE   0.834 0.693 | 0.055 0.085 0.016 | 0.97 | 1.00 1.00
-- k=10  policy: tpr  wtpr  | fpr  wfpr  fdev  | succ  | recTPR recWTPR
   LOCAL         0.329 0.188 | 0.006 0.023 0.044 | 0.09 | 0.00 0.00
   GLOBAL        0.319 0.055 | 0.003 0.010 0.047 | 0.09 | -0.02 -0.27
   CLEAN-K       0.831 0.524 | 0.108 0.262 0.077 | 0.46 | 1.00 0.67
   PEER-TRIM     0.481 0.230 | 0.028 0.103 0.044 | 0.25 | 0.30 0.08
   LAB-LOCAL     0.712 0.349 | 0.083 0.233 0.069 | 0.34 | 0.76 0.32
   LAB-POOL      0.802 0.625 | 0.076 0.141 0.047 | 0.56 | 0.94 0.87
   LAB-EB        0.803 0.624 | 0.076 0.143 0.047 | 0.56 | 0.94 0.86
   PEER+LAB      0.611 0.339 | 0.035 0.104 0.039 | 0.41 | 0.56 0.30
   LAB-EB-ALLOC  0.818 0.636 | 0.087 0.171 0.056 | 0.54 | 0.97 0.89
   LAB-EB-V      0.812 0.635 | 0.081 0.150 0.050 | 0.55 | 0.96 0.89
   LAB-EB-TAU    0.782 0.598 | 0.068 0.132 0.043 | 0.58 | 0.90 0.81
   LAB-EB-VTAU   0.792 0.610 | 0.073 0.138 0.046 | 0.57 | 0.92 0.84
   ORACLE-TRUE   0.833 0.691 | 0.055 0.085 0.016 | 0.98 | 1.00 1.00
-- k=20  policy: tpr  wtpr  | fpr  wfpr  fdev  | succ  | recTPR recWTPR
   LOCAL         0.328 0.191 | 0.006 0.023 0.044 | 0.09 | 0.00 0.00
   GLOBAL        0.318 0.054 | 0.003 0.010 0.047 | 0.08 | -0.02 -0.27
   CLEAN-K       0.763 0.415 | 0.058 0.143 0.040 | 0.60 | 0.86 0.45
   PEER-TRIM     0.481 0.230 | 0.029 0.104 0.044 | 0.24 | 0.30 0.08
   LAB-LOCAL     0.764 0.464 | 0.074 0.180 0.052 | 0.47 | 0.86 0.55
   LAB-POOL      0.817 0.635 | 0.074 0.140 0.042 | 0.64 | 0.97 0.89
   LAB-EB        0.824 0.652 | 0.072 0.129 0.039 | 0.67 | 0.98 0.92
   PEER+LAB      0.671 0.423 | 0.039 0.104 0.036 | 0.51 | 0.68 0.46
   LAB-EB-ALLOC  0.832 0.663 | 0.081 0.148 0.046 | 0.62 | 1.00 0.94
   LAB-EB-V      0.843 0.680 | 0.082 0.142 0.045 | 0.62 | 1.02 0.97
   LAB-EB-TAU    0.805 0.626 | 0.064 0.119 0.035 | 0.70 | 0.94 0.87
   LAB-EB-VTAU   0.825 0.654 | 0.074 0.131 0.040 | 0.66 | 0.98 0.92
   ORACLE-TRUE   0.834 0.693 | 0.055 0.085 0.016 | 0.97 | 1.00 1.00
-- k=50  policy: tpr  wtpr  | fpr  wfpr  fdev  | succ  | recTPR recWTPR
   LOCAL         0.328 0.190 | 0.006 0.023 0.044 | 0.09 | 0.00 0.00
   GLOBAL        0.318 0.054 | 0.003 0.010 0.047 | 0.09 | -0.02 -0.27
   CLEAN-K       0.829 0.619 | 0.065 0.124 0.031 | 0.77 | 0.99 0.85
   PEER-TRIM     0.481 0.232 | 0.028 0.105 0.044 | 0.25 | 0.30 0.08
   LAB-LOCAL     0.817 0.598 | 0.068 0.137 0.038 | 0.67 | 0.97 0.81
   LAB-POOL      0.823 0.640 | 0.074 0.140 0.039 | 0.69 | 0.98 0.90
   LAB-EB        0.838 0.681 | 0.069 0.118 0.032 | 0.76 | 1.01 0.98
   PEER+LAB      0.757 0.558 | 0.048 0.103 0.031 | 0.69 | 0.85 0.73
   LAB-EB-ALLOC  0.849 0.700 | 0.077 0.130 0.037 | 0.72 | 1.03 1.02
   LAB-EB-V      0.879 0.757 | 0.096 0.150 0.050 | 0.58 | 1.09 1.13
   LAB-EB-TAU    0.825 0.661 | 0.062 0.108 0.028 | 0.80 | 0.98 0.94
   LAB-EB-VTAU   0.869 0.737 | 0.087 0.139 0.044 | 0.64 | 1.07 1.09
   ORACLE-TRUE   0.834 0.692 | 0.056 0.086 0.016 | 0.97 | 1.00 1.00
-- clean (eps=0) k=10: harm vs LOCAL: dTPR dwFPR dfdev
   GLOBAL        -0.025 +0.088 +0.033
   CLEAN-K       -0.009 +0.153 +0.051
   PEER-TRIM     +0.048 +0.113 +0.032
   LAB-POOL      +0.000 +0.000 +0.000
   LAB-EB        +0.000 +0.000 +0.000
   PEER+LAB      +0.039 +0.074 +0.022

##### nbaiot alpha=0.05  (mean over 5 seeds x ctype{rand,top} x contaminated scenarios hom.05/.10/.20/het)
-- k=5  policy: tpr  wtpr  | fpr  wfpr  fdev  | succ  | recTPR recWTPR
   LOCAL         0.372 0.235 | 0.003 0.016 0.047 | 0.21 | 0.00 0.00
   GLOBAL        0.401 0.297 | 0.001 0.004 0.049 | 0.12 | 0.07 0.17
   CLEAN-K       0.795 0.592 | 0.188 0.473 0.149 | 0.37 | 1.06 0.99
   PEER-TRIM     0.456 0.264 | 0.013 0.077 0.049 | 0.24 | 0.21 0.08
   LAB-LOCAL     0.602 0.280 | 0.092 0.324 0.094 | 0.28 | 0.58 0.13
   LAB-POOL      0.727 0.538 | 0.076 0.131 0.051 | 0.58 | 0.89 0.85
   LAB-EB        0.723 0.532 | 0.076 0.145 0.053 | 0.57 | 0.88 0.83
   PEER+LAB      0.538 0.308 | 0.018 0.084 0.044 | 0.40 | 0.42 0.20
   LAB-EB-ALLOC  0.733 0.544 | 0.087 0.176 0.063 | 0.54 | 0.91 0.86
   LAB-EB-V      0.725 0.534 | 0.079 0.147 0.054 | 0.57 | 0.89 0.83
   LAB-EB-TAU    0.710 0.518 | 0.063 0.125 0.045 | 0.62 | 0.85 0.79
   LAB-EB-VTAU   0.711 0.520 | 0.065 0.127 0.046 | 0.62 | 0.85 0.79
   ORACLE-TRUE   0.770 0.594 | 0.050 0.076 0.013 | 1.00 | 1.00 1.00
-- k=10  policy: tpr  wtpr  | fpr  wfpr  fdev  | succ  | recTPR recWTPR
   LOCAL         0.371 0.235 | 0.004 0.016 0.047 | 0.21 | 0.00 0.00
   GLOBAL        0.399 0.295 | 0.001 0.004 0.049 | 0.13 | 0.07 0.17
   CLEAN-K       0.777 0.588 | 0.104 0.276 0.072 | 0.60 | 1.02 0.98
   PEER-TRIM     0.455 0.264 | 0.013 0.077 0.049 | 0.24 | 0.21 0.08
   LAB-LOCAL     0.662 0.351 | 0.081 0.247 0.071 | 0.41 | 0.73 0.32
   LAB-POOL      0.742 0.551 | 0.075 0.131 0.044 | 0.64 | 0.93 0.88
   LAB-EB        0.744 0.549 | 0.075 0.137 0.044 | 0.64 | 0.93 0.87
   PEER+LAB      0.593 0.351 | 0.024 0.090 0.040 | 0.51 | 0.56 0.32
   LAB-EB-ALLOC  0.751 0.558 | 0.083 0.154 0.052 | 0.61 | 0.95 0.90
   LAB-EB-V      0.748 0.552 | 0.079 0.141 0.047 | 0.62 | 0.94 0.88
   LAB-EB-TAU    0.731 0.538 | 0.059 0.116 0.036 | 0.72 | 0.90 0.84
   LAB-EB-VTAU   0.735 0.541 | 0.063 0.121 0.037 | 0.70 | 0.91 0.85
   ORACLE-TRUE   0.770 0.594 | 0.050 0.076 0.013 | 1.00 | 1.00 1.00
-- k=20  policy: tpr  wtpr  | fpr  wfpr  fdev  | succ  | recTPR recWTPR
   LOCAL         0.372 0.236 | 0.004 0.016 0.047 | 0.21 | 0.00 0.00
   GLOBAL        0.400 0.296 | 0.001 0.004 0.049 | 0.13 | 0.07 0.17
   CLEAN-K       0.762 0.581 | 0.054 0.148 0.037 | 0.82 | 0.98 0.96
   PEER-TRIM     0.455 0.266 | 0.013 0.078 0.049 | 0.24 | 0.21 0.08
   LAB-LOCAL     0.700 0.439 | 0.073 0.192 0.055 | 0.52 | 0.82 0.57
   LAB-POOL      0.749 0.556 | 0.073 0.129 0.040 | 0.69 | 0.95 0.89
   LAB-EB        0.755 0.562 | 0.071 0.127 0.037 | 0.72 | 0.96 0.91
   PEER+LAB      0.645 0.412 | 0.030 0.099 0.037 | 0.61 | 0.69 0.49
   LAB-EB-ALLOC  0.762 0.571 | 0.080 0.140 0.043 | 0.68 | 0.98 0.94
   LAB-EB-V      0.761 0.567 | 0.081 0.137 0.042 | 0.67 | 0.98 0.92
   LAB-EB-TAU    0.746 0.555 | 0.057 0.108 0.030 | 0.80 | 0.94 0.89
   LAB-EB-VTAU   0.753 0.561 | 0.066 0.118 0.033 | 0.76 | 0.96 0.91
   ORACLE-TRUE   0.770 0.594 | 0.050 0.075 0.013 | 0.99 | 1.00 1.00
-- k=50  policy: tpr  wtpr  | fpr  wfpr  fdev  | succ  | recTPR recWTPR
   LOCAL         0.372 0.235 | 0.003 0.016 0.047 | 0.21 | 0.00 0.00
   GLOBAL        0.399 0.296 | 0.001 0.004 0.049 | 0.12 | 0.07 0.17
   CLEAN-K       0.771 0.593 | 0.061 0.123 0.027 | 0.86 | 1.00 1.00
   PEER-TRIM     0.455 0.266 | 0.013 0.079 0.049 | 0.24 | 0.21 0.08
   LAB-LOCAL     0.750 0.540 | 0.069 0.149 0.040 | 0.71 | 0.95 0.85
   LAB-POOL      0.752 0.558 | 0.072 0.129 0.037 | 0.73 | 0.95 0.90
   LAB-EB        0.764 0.578 | 0.070 0.120 0.031 | 0.79 | 0.99 0.95
   PEER+LAB      0.720 0.514 | 0.045 0.104 0.030 | 0.78 | 0.87 0.78
   LAB-EB-ALLOC  0.768 0.582 | 0.076 0.128 0.035 | 0.75 | 0.99 0.97
   LAB-EB-V      0.775 0.587 | 0.094 0.145 0.048 | 0.61 | 1.01 0.98
   LAB-EB-TAU    0.758 0.576 | 0.056 0.100 0.023 | 0.88 | 0.97 0.95
   LAB-EB-VTAU   0.770 0.586 | 0.079 0.127 0.035 | 0.74 | 1.00 0.98
   ORACLE-TRUE   0.770 0.594 | 0.050 0.076 0.013 | 0.99 | 1.00 1.00
-- clean (eps=0) k=10: harm vs LOCAL: dTPR dwFPR dfdev
   GLOBAL        -0.013 +0.101 +0.034
   CLEAN-K       +0.004 +0.163 +0.049
   PEER-TRIM     +0.000 +0.158 +0.038
   LAB-POOL      +0.000 +0.000 +0.000
   LAB-EB        +0.000 +0.000 +0.000
   PEER+LAB      +0.000 +0.100 +0.024

##### scidb alpha=0.05  (mean over 5 seeds x ctype{rand,top} x contaminated scenarios hom.05/.10/.20/het)
-- k=5  policy: tpr  wtpr  | fpr  wfpr  fdev  | succ  | recTPR recWTPR
   LOCAL         0.305 0.128 | 0.008 0.032 0.044 | 0.15 | 0.00 0.00
   GLOBAL        0.183 0.091 | 0.002 0.009 0.048 | 0.03 | -0.31 -0.09
   CLEAN-K       0.742 0.520 | 0.187 0.446 0.146 | 0.34 | 1.10 0.94
   PEER-TRIM     0.384 0.196 | 0.014 0.053 0.043 | 0.24 | 0.20 0.16
   LAB-LOCAL     0.543 0.192 | 0.097 0.323 0.094 | 0.23 | 0.60 0.15
   LAB-POOL      0.670 0.503 | 0.084 0.156 0.058 | 0.51 | 0.92 0.90
   LAB-EB        0.674 0.501 | 0.088 0.171 0.061 | 0.50 | 0.93 0.89
   PEER+LAB      0.464 0.238 | 0.022 0.070 0.039 | 0.37 | 0.40 0.26
   LAB-EB-ALLOC  0.683 0.509 | 0.096 0.187 0.067 | 0.49 | 0.95 0.91
   LAB-EB-V      0.683 0.510 | 0.095 0.180 0.065 | 0.49 | 0.95 0.91
   LAB-EB-TAU    0.653 0.474 | 0.073 0.150 0.051 | 0.55 | 0.88 0.83
   LAB-EB-VTAU   0.664 0.485 | 0.080 0.159 0.055 | 0.54 | 0.90 0.85
   ORACLE-TRUE   0.702 0.546 | 0.059 0.107 0.024 | 0.92 | 1.00 1.00
-- k=10  policy: tpr  wtpr  | fpr  wfpr  fdev  | succ  | recTPR recWTPR
   LOCAL         0.304 0.130 | 0.007 0.031 0.044 | 0.15 | 0.00 0.00
   GLOBAL        0.184 0.092 | 0.002 0.009 0.048 | 0.03 | -0.30 -0.09
   CLEAN-K       0.701 0.442 | 0.106 0.268 0.073 | 0.53 | 1.00 0.75
   PEER-TRIM     0.382 0.195 | 0.013 0.052 0.042 | 0.25 | 0.20 0.16
   LAB-LOCAL     0.608 0.283 | 0.087 0.244 0.072 | 0.38 | 0.76 0.37
   LAB-POOL      0.692 0.525 | 0.084 0.158 0.052 | 0.59 | 0.98 0.95
   LAB-EB        0.695 0.527 | 0.085 0.161 0.052 | 0.59 | 0.98 0.96
   PEER+LAB      0.511 0.284 | 0.026 0.079 0.037 | 0.46 | 0.52 0.37
   LAB-EB-ALLOC  0.705 0.538 | 0.095 0.178 0.060 | 0.56 | 1.01 0.98
   LAB-EB-V      0.711 0.546 | 0.100 0.180 0.062 | 0.53 | 1.02 1.00
   LAB-EB-TAU    0.674 0.501 | 0.069 0.138 0.042 | 0.66 | 0.93 0.89
   LAB-EB-VTAU   0.692 0.521 | 0.083 0.157 0.050 | 0.61 | 0.98 0.94
   ORACLE-TRUE   0.702 0.545 | 0.058 0.107 0.024 | 0.92 | 1.00 1.00
-- k=20  policy: tpr  wtpr  | fpr  wfpr  fdev  | succ  | recTPR recWTPR
   LOCAL         0.305 0.126 | 0.008 0.031 0.044 | 0.15 | 0.00 0.00
   GLOBAL        0.182 0.090 | 0.002 0.009 0.048 | 0.03 | -0.31 -0.09
   CLEAN-K       0.650 0.344 | 0.057 0.143 0.037 | 0.70 | 0.87 0.52
   PEER-TRIM     0.385 0.196 | 0.014 0.053 0.042 | 0.25 | 0.20 0.17
   LAB-LOCAL     0.656 0.400 | 0.080 0.192 0.056 | 0.51 | 0.88 0.65
   LAB-POOL      0.703 0.537 | 0.085 0.160 0.050 | 0.63 | 1.00 0.98
   LAB-EB        0.709 0.549 | 0.085 0.155 0.048 | 0.65 | 1.02 1.01
   PEER+LAB      0.582 0.375 | 0.037 0.097 0.035 | 0.59 | 0.70 0.59
   LAB-EB-ALLOC  0.719 0.565 | 0.093 0.167 0.053 | 0.62 | 1.04 1.04
   LAB-EB-V      0.735 0.581 | 0.115 0.193 0.071 | 0.48 | 1.08 1.08
   LAB-EB-TAU    0.692 0.526 | 0.069 0.133 0.037 | 0.74 | 0.97 0.95
   LAB-EB-VTAU   0.723 0.565 | 0.099 0.172 0.057 | 0.57 | 1.05 1.04
   ORACLE-TRUE   0.702 0.547 | 0.059 0.108 0.024 | 0.92 | 1.00 1.00
-- k=50  policy: tpr  wtpr  | fpr  wfpr  fdev  | succ  | recTPR recWTPR
   LOCAL         0.306 0.131 | 0.008 0.031 0.044 | 0.15 | 0.00 0.00
   GLOBAL        0.186 0.094 | 0.003 0.009 0.048 | 0.03 | -0.30 -0.09
   CLEAN-K       0.704 0.537 | 0.063 0.118 0.028 | 0.86 | 1.00 0.98
   PEER-TRIM     0.384 0.194 | 0.014 0.053 0.042 | 0.25 | 0.20 0.15
   LAB-LOCAL     0.717 0.563 | 0.083 0.159 0.044 | 0.72 | 1.04 1.04
   LAB-POOL      0.708 0.546 | 0.085 0.161 0.047 | 0.65 | 1.01 1.00
   LAB-EB        0.722 0.575 | 0.085 0.151 0.043 | 0.71 | 1.05 1.07
   PEER+LAB      0.668 0.510 | 0.054 0.110 0.031 | 0.76 | 0.91 0.91
   LAB-EB-ALLOC  0.725 0.580 | 0.089 0.156 0.046 | 0.69 | 1.06 1.08
   LAB-EB-V      0.757 0.607 | 0.165 0.281 0.117 | 0.28 | 1.14 1.15
   LAB-EB-TAU    0.709 0.564 | 0.069 0.128 0.031 | 0.83 | 1.02 1.04
   LAB-EB-VTAU   0.752 0.603 | 0.149 0.253 0.101 | 0.34 | 1.12 1.14
   ORACLE-TRUE   0.702 0.547 | 0.059 0.108 0.024 | 0.92 | 1.00 1.00
-- clean (eps=0) k=10: harm vs LOCAL: dTPR dwFPR dfdev
   GLOBAL        -0.045 +0.048 +0.017
   CLEAN-K       -0.001 +0.139 +0.041
   PEER-TRIM     +0.022 +0.081 +0.016
   LAB-POOL      +0.000 +0.000 +0.000
   LAB-EB        +0.000 +0.000 +0.000
   PEER+LAB      +0.018 +0.046 +0.009
